NaCl (4x4x4 unit cells) crystal                                                 
         2         0       128     0.3465628E+04
25.5
Na               1
    -8.102146154        -8.102146154        -8.102146154    
 -0.350450899486E-11 -0.350450899486E-11 -0.350450899486E-11
  -20150.9267204      -20150.9267204      -20150.9267204    
Cl               2
    -4.638046154        -4.638046154        -4.638046154    
  0.789685067108E-11  0.789685067108E-11  0.789685067108E-11
   70084.5497058       70084.5497058       70084.5497058    
Na               3
    -4.102146154        -8.102146154        -8.102146154    
  0.597571625405E-12 -0.325059189822E-11 -0.325059189822E-11
   3436.03684608      -18690.9034148      -18690.9034148    
Cl               4
   -0.6380461538        -4.638046154        -4.638046154    
  0.726805080115E-11  0.698610921877E-11  0.698610921877E-11
   64503.9508602       62001.7193166       62001.7193166    
Na               5
   -0.1021461538        -8.102146154        -8.102146154    
  0.278631741799E-11 -0.241740397909E-11 -0.241740397909E-11
   16021.3251534      -13900.0728798      -13900.0728798    
Cl               6
     3.361953846        -4.638046154        -4.638046154    
  0.547297808229E-11  0.657338454318E-11  0.657338454318E-11
   48572.6804803       58338.7878207       58338.7878207    
Na               7
     3.897853846        -8.102146154        -8.102146154    
  0.576811533981E-11 -0.103964893950E-11 -0.103964893950E-11
   33166.6632039      -5977.98140212      -5977.98140212    
Cl               8
     7.361953846        -4.638046154        -4.638046154    
 -0.338218159135E-11 -0.315605878232E-11 -0.315605878232E-11
  -30016.8616232      -28010.0216931      -28010.0216931    
Na               9
    -8.102146154        -4.102146154        -8.102146154    
 -0.325059189822E-11  0.597571625405E-12 -0.325059189822E-11
  -18690.9034148       3436.03684608      -18690.9034148    
Cl              10
    -4.638046154       -0.6380461538        -4.638046154    
  0.698610921877E-11  0.726805080115E-11  0.698610921877E-11
   62001.7193166       64503.9508602       62001.7193166    
Na              11
    -4.102146154        -4.102146154        -8.102146154    
  0.143168914343E-11  0.143168914343E-11 -0.100360483838E-11
   8232.21257470       8232.21257470      -5770.72782071    
Cl              12
   -0.6380461538       -0.6380461538        -4.638046154    
  0.694048850733E-11  0.694048850733E-11  0.582279024294E-11
   61596.8355025       61596.8355025       51677.2634061    
Na              13
   -0.1021461538        -4.102146154        -8.102146154    
  0.349918993954E-11  0.210271238230E-11  0.504399825844E-12
   20120.3421524       12090.5961982       2900.29899860    
Cl              14
     3.361953846       -0.6380461538        -4.638046154    
  0.563301295030E-11  0.716220978677E-11  0.539859272354E-11
   49992.9899339       63564.6118576       47912.5104214    
Na              15
     3.897853846        -4.102146154        -8.102146154    
  0.663908318118E-11  0.245233870687E-11  0.218962545341E-11
   38174.7282918       14100.9475645       12590.3463571    
Cl              16
     7.361953846       -0.6380461538        -4.638046154    
 -0.256932526509E-11 -0.207241097570E-11 -0.409708715362E-11
  -22802.7617277      -18392.6474093      -36361.6484883    
Na              17
    -8.102146154       -0.1021461538        -8.102146154    
 -0.241740397909E-11  0.278631741799E-11 -0.241740397909E-11
  -13900.0728798       16021.3251534      -13900.0728798    
Cl              18
    -4.638046154         3.361953846        -4.638046154    
  0.657338454318E-11  0.547297808229E-11  0.657338454318E-11
   58338.7878207       48572.6804803       58338.7878207    
Na              19
    -4.102146154       -0.1021461538        -8.102146154    
  0.210271238230E-11  0.349918993954E-11  0.504399825844E-12
   12090.5961982       20120.3421524       2900.29899860    
Cl              20
   -0.6380461538         3.361953846        -4.638046154    
  0.716220978677E-11  0.563301295030E-11  0.539859272354E-11
   63564.6118576       49992.9899339       47912.5104214    
Na              21
   -0.1021461538       -0.1021461538        -8.102146154    
  0.367785239840E-11  0.367785239840E-11  0.232520886797E-11
   21147.6512908       21147.6512908       13369.9509908    
Cl              22
     3.361953846         3.361953846        -4.638046154    
  0.655011966793E-11  0.655011966793E-11  0.504957213518E-11
   58132.3120528       58132.3120528       44814.9526998    
Na              23
     3.897853846       -0.1021461538        -8.102146154    
  0.632376495449E-11  0.319872128858E-11  0.396569769177E-11
   36361.6484883       18392.6474093       22802.7617277    
Cl              24
     7.361953846         3.361953846        -4.638046154    
 -0.141863057545E-11 -0.158883916220E-11 -0.430137783569E-11
  -12590.3463571      -14100.9475645      -38174.7282918    
Na              25
    -8.102146154         3.897853846        -8.102146154    
 -0.103964893950E-11  0.576811533981E-11 -0.103964893950E-11
  -5977.98140212       33166.6632039      -5977.98140212    
Cl              26
    -4.638046154         7.361953846        -4.638046154    
 -0.315605878232E-11 -0.338218159135E-11 -0.315605878232E-11
  -28010.0216931      -30016.8616232      -28010.0216931    
Na              27
    -4.102146154         3.897853846        -8.102146154    
  0.245233870687E-11  0.663908318118E-11  0.218962545341E-11
   14100.9475645       38174.7282918       12590.3463571    
Cl              28
   -0.6380461538         7.361953846        -4.638046154    
 -0.207241097570E-11 -0.256932526509E-11 -0.409708715362E-11
  -18392.6474093      -22802.7617277      -36361.6484883    
Na              29
   -0.1021461538         3.897853846        -8.102146154    
  0.319872128858E-11  0.632376495449E-11  0.396569769177E-11
   18392.6474093       36361.6484883       22802.7617277    
Cl              30
     3.361953846         7.361953846        -4.638046154    
 -0.158883916220E-11 -0.141863057545E-11 -0.430137783569E-11
  -14100.9475645      -12590.3463571      -38174.7282918    
Na              31
     3.897853846         3.897853846        -8.102146154    
  0.487130812054E-11  0.487130812054E-11  0.522032376056E-11
   28010.0216931       28010.0216931       30016.8616232    
Cl              32
     7.361953846         7.361953846        -4.638046154    
  0.673575369253E-12  0.673575369253E-12 -0.373708881171E-11
   5977.98140212       5977.98140212      -33166.6632039    
Na              33
    -8.102146154        -8.102146154        -4.102146154    
 -0.325059189822E-11 -0.325059189822E-11  0.597571625405E-12
  -18690.9034148      -18690.9034148       3436.03684608    
Cl              34
    -4.638046154        -4.638046154       -0.6380461538    
  0.698610921877E-11  0.698610921877E-11  0.726805080115E-11
   62001.7193166       62001.7193166       64503.9508602    
Na              35
    -4.102146154        -8.102146154        -4.102146154    
  0.143168914343E-11 -0.100360483838E-11  0.143168914343E-11
   8232.21257470      -5770.72782071       8232.21257470    
Cl              36
   -0.6380461538        -4.638046154       -0.6380461538    
  0.694048850733E-11  0.582279024294E-11  0.694048850733E-11
   61596.8355025       51677.2634061       61596.8355025    
Na              37
   -0.1021461538        -8.102146154        -4.102146154    
  0.349918993954E-11  0.504399825844E-12  0.210271238230E-11
   20120.3421524       2900.29899860       12090.5961982    
Cl              38
     3.361953846        -4.638046154       -0.6380461538    
  0.563301295030E-11  0.539859272354E-11  0.716220978677E-11
   49992.9899339       47912.5104214       63564.6118576    
Na              39
     3.897853846        -8.102146154        -4.102146154    
  0.663908318118E-11  0.218962545341E-11  0.245233870687E-11
   38174.7282918       12590.3463571       14100.9475645    
Cl              40
     7.361953846        -4.638046154       -0.6380461538    
 -0.256932526509E-11 -0.409708715362E-11 -0.207241097570E-11
  -22802.7617277      -36361.6484883      -18392.6474093    
Na              41
    -8.102146154        -4.102146154        -4.102146154    
 -0.100360483838E-11  0.143168914343E-11  0.143168914343E-11
  -5770.72782071       8232.21257470       8232.21257470    
Cl              42
    -4.638046154       -0.6380461538       -0.6380461538    
  0.582279024294E-11  0.694048850733E-11  0.694048850733E-11
   51677.2634061       61596.8355025       61596.8355025    
Na              43
    -4.102146154        -4.102146154        -4.102146154    
 -0.117028075024E-10 -0.117028075024E-10 -0.117028075024E-10
  -67291.1431387      -67291.1431387      -67291.1431387    
Cl              44
   -0.6380461538       -0.6380461538       -0.6380461538    
  0.653449970213E-11  0.653449970213E-11  0.653449970213E-11
   57993.6848564       57993.6848564       57993.6848564    
Na              45
   -0.1021461538        -4.102146154        -4.102146154    
 -0.107255486620E-10 -0.105083817606E-10 -0.105083817606E-10
  -61671.9048063      -60423.1951236      -60423.1951236    
Cl              46
     3.361953846       -0.6380461538       -0.6380461538    
  0.586674655883E-11  0.676278074675E-11  0.676278074675E-11
   52067.3757096       60019.6791274       60019.6791274    
Na              47
     3.897853846        -4.102146154        -4.102146154    
 -0.779390481735E-11 -0.101099673135E-10 -0.101099673135E-10
  -44814.9526998      -58132.3120528      -58132.3120528    
Cl              48
     7.361953846       -0.6380461538       -0.6380461538    
 -0.150647335108E-11 -0.238283394826E-11 -0.238283394826E-11
  -13369.9509908      -21147.6512908      -21147.6512908    
Na              49
    -8.102146154       -0.1021461538        -4.102146154    
  0.504399825844E-12  0.349918993954E-11  0.210271238230E-11
   2900.29899860       20120.3421524       12090.5961982    
Cl              50
    -4.638046154         3.361953846       -0.6380461538    
  0.539859272354E-11  0.563301295030E-11  0.716220978677E-11
   47912.5104214       49992.9899339       63564.6118576    
Na              51
    -4.102146154       -0.1021461538        -4.102146154    
 -0.105083817606E-10 -0.107255486620E-10 -0.105083817606E-10
  -60423.1951236      -61671.9048063      -60423.1951236    
Cl              52
   -0.6380461538         3.361953846       -0.6380461538    
  0.676278074675E-11  0.586674655883E-11  0.676278074675E-11
   60019.6791274       52067.3757096       60019.6791274    
Na              53
   -0.1021461538       -0.1021461538        -4.102146154    
 -0.104382050656E-10 -0.104382050656E-10 -0.905519577559E-11
  -60019.6791274      -60019.6791274      -52067.3757096    
Cl              54
     3.361953846         3.361953846       -0.6380461538    
  0.680824733787E-11  0.680824733787E-11  0.694894702043E-11
   60423.1951236       60423.1951236       61671.9048063    
Na              55
     3.897853846       -0.1021461538        -4.102146154    
 -0.833261050807E-11 -0.110547151057E-10 -0.869443303199E-11
  -47912.5104214      -63564.6118576      -49992.9899339    
Cl              56
     7.361953846         3.361953846       -0.6380461538    
 -0.326794253364E-12 -0.136232069839E-11 -0.226708080590E-11
  -2900.29899860      -12090.5961982      -20120.3421524    
Na              57
    -8.102146154         3.897853846        -4.102146154    
  0.218962545341E-11  0.663908318118E-11  0.245233870687E-11
   12590.3463571       38174.7282918       14100.9475645    
Cl              58
    -4.638046154         7.361953846       -0.6380461538    
 -0.409708715362E-11 -0.256932526509E-11 -0.207241097570E-11
  -36361.6484883      -22802.7617277      -18392.6474093    
Na              59
    -4.102146154         3.897853846        -4.102146154    
 -0.101099673135E-10 -0.779390481735E-11 -0.101099673135E-10
  -58132.3120528      -44814.9526998      -58132.3120528    
Cl              60
   -0.6380461538         7.361953846       -0.6380461538    
 -0.238283394826E-11 -0.150647335108E-11 -0.238283394826E-11
  -21147.6512908      -13369.9509908      -21147.6512908    
Na              61
   -0.1021461538         3.897853846        -4.102146154    
 -0.110547151057E-10 -0.833261050807E-11 -0.869443303199E-11
  -63564.6118576      -47912.5104214      -49992.9899339    
Cl              62
     3.361953846         7.361953846       -0.6380461538    
 -0.136232069839E-11 -0.326794253364E-12 -0.226708080590E-11
  -12090.5961982      -2900.29899860      -20120.3421524    
Na              63
     3.897853846         3.897853846        -4.102146154    
 -0.101458761427E-10 -0.101458761427E-10 -0.844742269222E-11
  -58338.7878207      -58338.7878207      -48572.6804803    
Cl              64
     7.361953846         7.361953846       -0.6380461538    
  0.156620539491E-11  0.156620539491E-11 -0.180521973560E-11
   13900.0728798       13900.0728798      -16021.3251534    
Na              65
    -8.102146154        -8.102146154       -0.1021461538    
 -0.241740397909E-11 -0.241740397909E-11  0.278631741799E-11
  -13900.0728798      -13900.0728798       16021.3251534    
Cl              66
    -4.638046154        -4.638046154         3.361953846    
  0.657338454318E-11  0.657338454318E-11  0.547297808229E-11
   58338.7878207       58338.7878207       48572.6804803    
Na              67
    -4.102146154        -8.102146154       -0.1021461538    
  0.210271238230E-11  0.504399825844E-12  0.349918993954E-11
   12090.5961982       2900.29899860       20120.3421524    
Cl              68
   -0.6380461538        -4.638046154         3.361953846    
  0.716220978677E-11  0.539859272354E-11  0.563301295030E-11
   63564.6118576       47912.5104214       49992.9899339    
Na              69
   -0.1021461538        -8.102146154       -0.1021461538    
  0.367785239840E-11  0.232520886797E-11  0.367785239840E-11
   21147.6512908       13369.9509908       21147.6512908    
Cl              70
     3.361953846        -4.638046154         3.361953846    
  0.655011966793E-11  0.504957213518E-11  0.655011966793E-11
   58132.3120528       44814.9526998       58132.3120528    
Na              71
     3.897853846        -8.102146154       -0.1021461538    
  0.632376495449E-11  0.396569769177E-11  0.319872128858E-11
   36361.6484883       22802.7617277       18392.6474093    
Cl              72
     7.361953846        -4.638046154         3.361953846    
 -0.141863057545E-11 -0.430137783569E-11 -0.158883916220E-11
  -12590.3463571      -38174.7282918      -14100.9475645    
Na              73
    -8.102146154        -4.102146154       -0.1021461538    
  0.504399825844E-12  0.210271238230E-11  0.349918993954E-11
   2900.29899860       12090.5961982       20120.3421524    
Cl              74
    -4.638046154       -0.6380461538         3.361953846    
  0.539859272354E-11  0.716220978677E-11  0.563301295030E-11
   47912.5104214       63564.6118576       49992.9899339    
Na              75
    -4.102146154        -4.102146154       -0.1021461538    
 -0.105083817606E-10 -0.105083817606E-10 -0.107255486620E-10
  -60423.1951236      -60423.1951236      -61671.9048063    
Cl              76
   -0.6380461538       -0.6380461538         3.361953846    
  0.676278074675E-11  0.676278074675E-11  0.586674655883E-11
   60019.6791274       60019.6791274       52067.3757096    
Na              77
   -0.1021461538        -4.102146154       -0.1021461538    
 -0.104382050656E-10 -0.905519577559E-11 -0.104382050656E-10
  -60019.6791274      -52067.3757096      -60019.6791274    
Cl              78
     3.361953846       -0.6380461538         3.361953846    
  0.680824733787E-11  0.694894702043E-11  0.680824733787E-11
   60423.1951236       61671.9048063       60423.1951236    
Na              79
     3.897853846        -4.102146154       -0.1021461538    
 -0.833261050807E-11 -0.869443303199E-11 -0.110547151057E-10
  -47912.5104214      -49992.9899339      -63564.6118576    
Cl              80
     7.361953846       -0.6380461538         3.361953846    
 -0.326794253364E-12 -0.226708080590E-11 -0.136232069839E-11
  -2900.29899860      -20120.3421524      -12090.5961982    
Na              81
    -8.102146154       -0.1021461538       -0.1021461538    
  0.232520886797E-11  0.367785239840E-11  0.367785239840E-11
   13369.9509908       21147.6512908       21147.6512908    
Cl              82
    -4.638046154         3.361953846         3.361953846    
  0.504957213518E-11  0.655011966793E-11  0.655011966793E-11
   44814.9526998       58132.3120528       58132.3120528    
Na              83
    -4.102146154       -0.1021461538       -0.1021461538    
 -0.905519577559E-11 -0.104382050656E-10 -0.104382050656E-10
  -52067.3757096      -60019.6791274      -60019.6791274    
Cl              84
   -0.6380461538         3.361953846         3.361953846    
  0.694894702043E-11  0.680824733787E-11  0.680824733787E-11
   61671.9048063       60423.1951236       60423.1951236    
Na              85
   -0.1021461538       -0.1021461538       -0.1021461538    
 -0.100858582359E-10 -0.100858582359E-10 -0.100858582359E-10
  -57993.6848564      -57993.6848564      -57993.6848564    
Cl              86
     3.361953846         3.361953846         3.361953846    
  0.758210063534E-11  0.758210063534E-11  0.758210063534E-11
   67291.1431387       67291.1431387       67291.1431387    
Na              87
     3.897853846       -0.1021461538       -0.1021461538    
 -0.898735015759E-11 -0.107124931309E-10 -0.107124931309E-10
  -51677.2634061      -61596.8355025      -61596.8355025    
Cl              88
     7.361953846         3.361953846         3.361953846    
  0.650222853037E-12 -0.927573247854E-12 -0.927573247854E-12
   5770.72782071      -8232.21257470      -8232.21257470    
Na              89
    -8.102146154         3.897853846       -0.1021461538    
  0.396569769177E-11  0.632376495449E-11  0.319872128858E-11
   22802.7617277       36361.6484883       18392.6474093    
Cl              90
    -4.638046154         7.361953846         3.361953846    
 -0.430137783569E-11 -0.141863057545E-11 -0.158883916220E-11
  -38174.7282918      -12590.3463571      -14100.9475645    
Na              91
    -4.102146154         3.897853846       -0.1021461538    
 -0.869443303199E-11 -0.833261050807E-11 -0.110547151057E-10
  -49992.9899339      -47912.5104214      -63564.6118576    
Cl              92
   -0.6380461538         7.361953846         3.361953846    
 -0.226708080590E-11 -0.326794253364E-12 -0.136232069839E-11
  -20120.3421524      -2900.29899860      -12090.5961982    
Na              93
   -0.1021461538         3.897853846       -0.1021461538    
 -0.107124931309E-10 -0.898735015759E-11 -0.107124931309E-10
  -61596.8355025      -51677.2634061      -61596.8355025    
Cl              94
     3.361953846         7.361953846         3.361953846    
 -0.927573247854E-12  0.650222853037E-12 -0.927573247854E-12
  -8232.21257470       5770.72782071      -8232.21257470    
Na              95
     3.897853846         3.897853846       -0.1021461538    
 -0.107829077072E-10 -0.107829077072E-10 -0.112180784105E-10
  -62001.7193166      -62001.7193166      -64503.9508602    
Cl              96
     7.361953846         7.361953846         3.361953846    
  0.210601728617E-11  0.210601728617E-11 -0.387159081248E-12
   18690.9034148       18690.9034148      -3436.03684608    
Na              97
    -8.102146154        -8.102146154         3.897853846    
 -0.103964893950E-11 -0.103964893950E-11  0.576811533981E-11
  -5977.98140212      -5977.98140212       33166.6632039    
Cl              98
    -4.638046154        -4.638046154         7.361953846    
 -0.315605878232E-11 -0.315605878232E-11 -0.338218159135E-11
  -28010.0216931      -28010.0216931      -30016.8616232    
Na              99
    -4.102146154        -8.102146154         3.897853846    
  0.245233870687E-11  0.218962545341E-11  0.663908318118E-11
   14100.9475645       12590.3463571       38174.7282918    
Cl             100
   -0.6380461538        -4.638046154         7.361953846    
 -0.207241097570E-11 -0.409708715362E-11 -0.256932526509E-11
  -18392.6474093      -36361.6484883      -22802.7617277    
Na             101
   -0.1021461538        -8.102146154         3.897853846    
  0.319872128858E-11  0.396569769177E-11  0.632376495449E-11
   18392.6474093       22802.7617277       36361.6484883    
Cl             102
     3.361953846        -4.638046154         7.361953846    
 -0.158883916220E-11 -0.430137783569E-11 -0.141863057545E-11
  -14100.9475645      -38174.7282918      -12590.3463571    
Na             103
     3.897853846        -8.102146154         3.897853846    
  0.487130812054E-11  0.522032376056E-11  0.487130812054E-11
   28010.0216931       30016.8616232       28010.0216931    
Cl             104
     7.361953846        -4.638046154         7.361953846    
  0.673575369253E-12 -0.373708881171E-11  0.673575369253E-12
   5977.98140212      -33166.6632039       5977.98140212    
Na             105
    -8.102146154        -4.102146154         3.897853846    
  0.218962545341E-11  0.245233870687E-11  0.663908318118E-11
   12590.3463571       14100.9475645       38174.7282918    
Cl             106
    -4.638046154       -0.6380461538         7.361953846    
 -0.409708715362E-11 -0.207241097570E-11 -0.256932526509E-11
  -36361.6484883      -18392.6474093      -22802.7617277    
Na             107
    -4.102146154        -4.102146154         3.897853846    
 -0.101099673135E-10 -0.101099673135E-10 -0.779390481735E-11
  -58132.3120528      -58132.3120528      -44814.9526998    
Cl             108
   -0.6380461538       -0.6380461538         7.361953846    
 -0.238283394826E-11 -0.238283394826E-11 -0.150647335108E-11
  -21147.6512908      -21147.6512908      -13369.9509908    
Na             109
   -0.1021461538        -4.102146154         3.897853846    
 -0.110547151057E-10 -0.869443303199E-11 -0.833261050807E-11
  -63564.6118576      -49992.9899339      -47912.5104214    
Cl             110
     3.361953846       -0.6380461538         7.361953846    
 -0.136232069839E-11 -0.226708080590E-11 -0.326794253364E-12
  -12090.5961982      -20120.3421524      -2900.29899860    
Na             111
     3.897853846        -4.102146154         3.897853846    
 -0.101458761427E-10 -0.844742269222E-11 -0.101458761427E-10
  -58338.7878207      -48572.6804803      -58338.7878207    
Cl             112
     7.361953846       -0.6380461538         7.361953846    
  0.156620539491E-11 -0.180521973560E-11  0.156620539491E-11
   13900.0728798      -16021.3251534       13900.0728798    
Na             113
    -8.102146154       -0.1021461538         3.897853846    
  0.396569769177E-11  0.319872128858E-11  0.632376495449E-11
   22802.7617277       18392.6474093       36361.6484883    
Cl             114
    -4.638046154         3.361953846         7.361953846    
 -0.430137783569E-11 -0.158883916220E-11 -0.141863057545E-11
  -38174.7282918      -14100.9475645      -12590.3463571    
Na             115
    -4.102146154       -0.1021461538         3.897853846    
 -0.869443303199E-11 -0.110547151057E-10 -0.833261050807E-11
  -49992.9899339      -63564.6118576      -47912.5104214    
Cl             116
   -0.6380461538         3.361953846         7.361953846    
 -0.226708080590E-11 -0.136232069839E-11 -0.326794253364E-12
  -20120.3421524      -12090.5961982      -2900.29899860    
Na             117
   -0.1021461538       -0.1021461538         3.897853846    
 -0.107124931309E-10 -0.107124931309E-10 -0.898735015759E-11
  -61596.8355025      -61596.8355025      -51677.2634061    
Cl             118
     3.361953846         3.361953846         7.361953846    
 -0.927573247854E-12 -0.927573247854E-12  0.650222853037E-12
  -8232.21257470      -8232.21257470       5770.72782071    
Na             119
     3.897853846       -0.1021461538         3.897853846    
 -0.107829077072E-10 -0.112180784105E-10 -0.107829077072E-10
  -62001.7193166      -64503.9508602      -62001.7193166    
Cl             120
     7.361953846         3.361953846         7.361953846    
  0.210601728617E-11 -0.387159081248E-12  0.210601728617E-11
   18690.9034148      -3436.03684608       18690.9034148    
Na             121
    -8.102146154         3.897853846         3.897853846    
  0.522032376056E-11  0.487130812054E-11  0.487130812054E-11
   30016.8616232       28010.0216931       28010.0216931    
Cl             122
    -4.638046154         7.361953846         7.361953846    
 -0.373708881171E-11  0.673575369253E-12  0.673575369253E-12
  -33166.6632039       5977.98140212       5977.98140212    
Na             123
    -4.102146154         3.897853846         3.897853846    
 -0.844742269222E-11 -0.101458761427E-10 -0.101458761427E-10
  -48572.6804803      -58338.7878207      -58338.7878207    
Cl             124
   -0.6380461538         7.361953846         7.361953846    
 -0.180521973560E-11  0.156620539491E-11  0.156620539491E-11
  -16021.3251534       13900.0728798       13900.0728798    
Na             125
   -0.1021461538         3.897853846         3.897853846    
 -0.112180784105E-10 -0.107829077072E-10 -0.107829077072E-10
  -64503.9508602      -62001.7193166      -62001.7193166    
Cl             126
     3.361953846         7.361953846         7.361953846    
 -0.387159081248E-12  0.210601728617E-11  0.210601728617E-11
  -3436.03684608       18690.9034148       18690.9034148    
Na             127
     3.897853846         3.897853846         3.897853846    
 -0.121886173401E-10 -0.121886173401E-10 -0.121886173401E-10
  -70084.5497058      -70084.5497058      -70084.5497058    
Cl             128
     7.361953846         7.361953846         7.361953846    
  0.227052695441E-11  0.227052695441E-11  0.227052695441E-11
   20150.9267204       20150.9267204       20150.9267204    
