NaCl (4x4x4 unit cells) crystal                                                 
         2         1       128   -0.2346403E+05  
     16.000000000000      0.000000000000      0.000000000000
      0.000000000000     16.000000000000      0.000000000000
      0.000000000000      0.000000000000     16.000000000000
Na               1
   -0.3857716504E-26   -0.3857716504E-26   -0.3857716504E-26
 -0.385771650408E-11 -0.385771650408E-11 -0.385771650408E-11
  -88727.4795939      -88727.4795939      -88727.4795939    
Cl               2
     3.464100000         3.464100000         3.464100000    
  0.249936562236E-11  0.249936562236E-11  0.249936562236E-11
   88727.4795939       88727.4795939       88727.4795939    
Na               3
     4.000000000       -0.3857716504E-26   -0.3857716504E-26
 -0.385771650408E-11 -0.385771650408E-11 -0.385771650408E-11
  -88727.4795939      -88727.4795939      -88727.4795939    
Cl               4
     7.464100000         3.464100000         3.464100000    
  0.249936562236E-11  0.249936562236E-11  0.249936562236E-11
   88727.4795939       88727.4795939       88727.4795939    
Na               5
     8.000000000       -0.3857716504E-26   -0.3857716504E-26
 -0.385771650408E-11 -0.385771650408E-11 -0.385771650408E-11
  -88727.4795939      -88727.4795939      -88727.4795939    
Cl               6
    -4.535900000         3.464100000         3.464100000    
  0.249936562236E-11  0.249936562236E-11  0.249936562236E-11
   88727.4795939       88727.4795939       88727.4795939    
Na               7
    -4.000000000       -0.3857716504E-26   -0.3857716504E-26
 -0.385771650408E-11 -0.385771650408E-11 -0.385771650408E-11
  -88727.4795939      -88727.4795939      -88727.4795939    
Cl               8
   -0.5359000000         3.464100000         3.464100000    
  0.249936562236E-11  0.249936562236E-11  0.249936562236E-11
   88727.4795939       88727.4795939       88727.4795939    
Na               9
   -0.3857716504E-26     4.000000000       -0.3857716504E-26
 -0.385771650408E-11 -0.385771650408E-11 -0.385771650408E-11
  -88727.4795939      -88727.4795939      -88727.4795939    
Cl              10
     3.464100000         7.464100000         3.464100000    
  0.249936562236E-11  0.249936562236E-11  0.249936562236E-11
   88727.4795939       88727.4795939       88727.4795939    
Na              11
     4.000000000         4.000000000       -0.3857716504E-26
 -0.385771650408E-11 -0.385771650408E-11 -0.385771650408E-11
  -88727.4795939      -88727.4795939      -88727.4795939    
Cl              12
     7.464100000         7.464100000         3.464100000    
  0.249936562236E-11  0.249936562236E-11  0.249936562236E-11
   88727.4795939       88727.4795939       88727.4795939    
Na              13
     8.000000000         4.000000000       -0.3857716504E-26
 -0.385771650408E-11 -0.385771650408E-11 -0.385771650408E-11
  -88727.4795939      -88727.4795939      -88727.4795939    
Cl              14
    -4.535900000         7.464100000         3.464100000    
  0.249936562236E-11  0.249936562236E-11  0.249936562236E-11
   88727.4795939       88727.4795939       88727.4795939    
Na              15
    -4.000000000         4.000000000       -0.3857716504E-26
 -0.385771650408E-11 -0.385771650408E-11 -0.385771650408E-11
  -88727.4795939      -88727.4795939      -88727.4795939    
Cl              16
   -0.5359000000         7.464100000         3.464100000    
  0.249936562236E-11  0.249936562236E-11  0.249936562236E-11
   88727.4795939       88727.4795939       88727.4795939    
Na              17
   -0.3857716504E-26     8.000000000       -0.3857716504E-26
 -0.385771650408E-11 -0.385771650408E-11 -0.385771650408E-11
  -88727.4795939      -88727.4795939      -88727.4795939    
Cl              18
     3.464100000        -4.535900000         3.464100000    
  0.249936562236E-11  0.249936562236E-11  0.249936562236E-11
   88727.4795939       88727.4795939       88727.4795939    
Na              19
     4.000000000         8.000000000       -0.3857716504E-26
 -0.385771650408E-11 -0.385771650408E-11 -0.385771650408E-11
  -88727.4795939      -88727.4795939      -88727.4795939    
Cl              20
     7.464100000        -4.535900000         3.464100000    
  0.249936562236E-11  0.249936562236E-11  0.249936562236E-11
   88727.4795939       88727.4795939       88727.4795939    
Na              21
     8.000000000         8.000000000       -0.3857716504E-26
 -0.385771650408E-11 -0.385771650408E-11 -0.385771650408E-11
  -88727.4795939      -88727.4795939      -88727.4795939    
Cl              22
    -4.535900000        -4.535900000         3.464100000    
  0.249936562236E-11  0.249936562236E-11  0.249936562236E-11
   88727.4795939       88727.4795939       88727.4795939    
Na              23
    -4.000000000         8.000000000       -0.3857716504E-26
 -0.385771650408E-11 -0.385771650408E-11 -0.385771650408E-11
  -88727.4795939      -88727.4795939      -88727.4795939    
Cl              24
   -0.5359000000        -4.535900000         3.464100000    
  0.249936562236E-11  0.249936562236E-11  0.249936562236E-11
   88727.4795939       88727.4795939       88727.4795939    
Na              25
   -0.3857716504E-26    -4.000000000       -0.3857716504E-26
 -0.385771650408E-11 -0.385771650408E-11 -0.385771650408E-11
  -88727.4795939      -88727.4795939      -88727.4795939    
Cl              26
     3.464100000       -0.5359000000         3.464100000    
  0.249936562236E-11  0.249936562236E-11  0.249936562236E-11
   88727.4795939       88727.4795939       88727.4795939    
Na              27
     4.000000000        -4.000000000       -0.3857716504E-26
 -0.385771650408E-11 -0.385771650408E-11 -0.385771650408E-11
  -88727.4795939      -88727.4795939      -88727.4795939    
Cl              28
     7.464100000       -0.5359000000         3.464100000    
  0.249936562236E-11  0.249936562236E-11  0.249936562236E-11
   88727.4795939       88727.4795939       88727.4795939    
Na              29
     8.000000000        -4.000000000       -0.3857716504E-26
 -0.385771650408E-11 -0.385771650408E-11 -0.385771650408E-11
  -88727.4795939      -88727.4795939      -88727.4795939    
Cl              30
    -4.535900000       -0.5359000000         3.464100000    
  0.249936562236E-11  0.249936562236E-11  0.249936562236E-11
   88727.4795939       88727.4795939       88727.4795939    
Na              31
    -4.000000000        -4.000000000       -0.3857716504E-26
 -0.385771650408E-11 -0.385771650408E-11 -0.385771650408E-11
  -88727.4795939      -88727.4795939      -88727.4795939    
Cl              32
   -0.5359000000       -0.5359000000         3.464100000    
  0.249936562236E-11  0.249936562236E-11  0.249936562236E-11
   88727.4795939       88727.4795939       88727.4795939    
Na              33
   -0.3857716504E-26   -0.3857716504E-26     4.000000000    
 -0.385771650408E-11 -0.385771650408E-11 -0.385771650408E-11
  -88727.4795939      -88727.4795939      -88727.4795939    
Cl              34
     3.464100000         3.464100000         7.464100000    
  0.249936562236E-11  0.249936562236E-11  0.249936562236E-11
   88727.4795939       88727.4795939       88727.4795939    
Na              35
     4.000000000       -0.3857716504E-26     4.000000000    
 -0.385771650408E-11 -0.385771650408E-11 -0.385771650408E-11
  -88727.4795939      -88727.4795939      -88727.4795939    
Cl              36
     7.464100000         3.464100000         7.464100000    
  0.249936562236E-11  0.249936562236E-11  0.249936562236E-11
   88727.4795939       88727.4795939       88727.4795939    
Na              37
     8.000000000       -0.3857716504E-26     4.000000000    
 -0.385771650408E-11 -0.385771650408E-11 -0.385771650408E-11
  -88727.4795939      -88727.4795939      -88727.4795939    
Cl              38
    -4.535900000         3.464100000         7.464100000    
  0.249936562236E-11  0.249936562236E-11  0.249936562236E-11
   88727.4795939       88727.4795939       88727.4795939    
Na              39
    -4.000000000       -0.3857716504E-26     4.000000000    
 -0.385771650408E-11 -0.385771650408E-11 -0.385771650408E-11
  -88727.4795939      -88727.4795939      -88727.4795939    
Cl              40
   -0.5359000000         3.464100000         7.464100000    
  0.249936562236E-11  0.249936562236E-11  0.249936562236E-11
   88727.4795939       88727.4795939       88727.4795939    
Na              41
   -0.3857716504E-26     4.000000000         4.000000000    
 -0.385771650408E-11 -0.385771650408E-11 -0.385771650408E-11
  -88727.4795939      -88727.4795939      -88727.4795939    
Cl              42
     3.464100000         7.464100000         7.464100000    
  0.249936562236E-11  0.249936562236E-11  0.249936562236E-11
   88727.4795939       88727.4795939       88727.4795939    
Na              43
     4.000000000         4.000000000         4.000000000    
 -0.385771650408E-11 -0.385771650408E-11 -0.385771650408E-11
  -88727.4795939      -88727.4795939      -88727.4795939    
Cl              44
     7.464100000         7.464100000         7.464100000    
  0.249936562236E-11  0.249936562236E-11  0.249936562236E-11
   88727.4795939       88727.4795939       88727.4795939    
Na              45
     8.000000000         4.000000000         4.000000000    
 -0.385771650408E-11 -0.385771650408E-11 -0.385771650408E-11
  -88727.4795939      -88727.4795939      -88727.4795939    
Cl              46
    -4.535900000         7.464100000         7.464100000    
  0.249936562236E-11  0.249936562236E-11  0.249936562236E-11
   88727.4795939       88727.4795939       88727.4795939    
Na              47
    -4.000000000         4.000000000         4.000000000    
 -0.385771650408E-11 -0.385771650408E-11 -0.385771650408E-11
  -88727.4795939      -88727.4795939      -88727.4795939    
Cl              48
   -0.5359000000         7.464100000         7.464100000    
  0.249936562236E-11  0.249936562236E-11  0.249936562236E-11
   88727.4795939       88727.4795939       88727.4795939    
Na              49
   -0.3857716504E-26     8.000000000         4.000000000    
 -0.385771650408E-11 -0.385771650408E-11 -0.385771650408E-11
  -88727.4795939      -88727.4795939      -88727.4795939    
Cl              50
     3.464100000        -4.535900000         7.464100000    
  0.249936562236E-11  0.249936562236E-11  0.249936562236E-11
   88727.4795939       88727.4795939       88727.4795939    
Na              51
     4.000000000         8.000000000         4.000000000    
 -0.385771650408E-11 -0.385771650408E-11 -0.385771650408E-11
  -88727.4795939      -88727.4795939      -88727.4795939    
Cl              52
     7.464100000        -4.535900000         7.464100000    
  0.249936562236E-11  0.249936562236E-11  0.249936562236E-11
   88727.4795939       88727.4795939       88727.4795939    
Na              53
     8.000000000         8.000000000         4.000000000    
 -0.385771650408E-11 -0.385771650408E-11 -0.385771650408E-11
  -88727.4795939      -88727.4795939      -88727.4795939    
Cl              54
    -4.535900000        -4.535900000         7.464100000    
  0.249936562236E-11  0.249936562236E-11  0.249936562236E-11
   88727.4795939       88727.4795939       88727.4795939    
Na              55
    -4.000000000         8.000000000         4.000000000    
 -0.385771650408E-11 -0.385771650408E-11 -0.385771650408E-11
  -88727.4795939      -88727.4795939      -88727.4795939    
Cl              56
   -0.5359000000        -4.535900000         7.464100000    
  0.249936562236E-11  0.249936562236E-11  0.249936562236E-11
   88727.4795939       88727.4795939       88727.4795939    
Na              57
   -0.3857716504E-26    -4.000000000         4.000000000    
 -0.385771650408E-11 -0.385771650408E-11 -0.385771650408E-11
  -88727.4795939      -88727.4795939      -88727.4795939    
Cl              58
     3.464100000       -0.5359000000         7.464100000    
  0.249936562236E-11  0.249936562236E-11  0.249936562236E-11
   88727.4795939       88727.4795939       88727.4795939    
Na              59
     4.000000000        -4.000000000         4.000000000    
 -0.385771650408E-11 -0.385771650408E-11 -0.385771650408E-11
  -88727.4795939      -88727.4795939      -88727.4795939    
Cl              60
     7.464100000       -0.5359000000         7.464100000    
  0.249936562236E-11  0.249936562236E-11  0.249936562236E-11
   88727.4795939       88727.4795939       88727.4795939    
Na              61
     8.000000000        -4.000000000         4.000000000    
 -0.385771650408E-11 -0.385771650408E-11 -0.385771650408E-11
  -88727.4795939      -88727.4795939      -88727.4795939    
Cl              62
    -4.535900000       -0.5359000000         7.464100000    
  0.249936562236E-11  0.249936562236E-11  0.249936562236E-11
   88727.4795939       88727.4795939       88727.4795939    
Na              63
    -4.000000000        -4.000000000         4.000000000    
 -0.385771650408E-11 -0.385771650408E-11 -0.385771650408E-11
  -88727.4795939      -88727.4795939      -88727.4795939    
Cl              64
   -0.5359000000       -0.5359000000         7.464100000    
  0.249936562236E-11  0.249936562236E-11  0.249936562236E-11
   88727.4795939       88727.4795939       88727.4795939    
Na              65
   -0.3857716504E-26   -0.3857716504E-26     8.000000000    
 -0.385771650408E-11 -0.385771650408E-11 -0.385771650408E-11
  -88727.4795939      -88727.4795939      -88727.4795939    
Cl              66
     3.464100000         3.464100000        -4.535900000    
  0.249936562236E-11  0.249936562236E-11  0.249936562236E-11
   88727.4795939       88727.4795939       88727.4795939    
Na              67
     4.000000000       -0.3857716504E-26     8.000000000    
 -0.385771650408E-11 -0.385771650408E-11 -0.385771650408E-11
  -88727.4795939      -88727.4795939      -88727.4795939    
Cl              68
     7.464100000         3.464100000        -4.535900000    
  0.249936562236E-11  0.249936562236E-11  0.249936562236E-11
   88727.4795939       88727.4795939       88727.4795939    
Na              69
     8.000000000       -0.3857716504E-26     8.000000000    
 -0.385771650408E-11 -0.385771650408E-11 -0.385771650408E-11
  -88727.4795939      -88727.4795939      -88727.4795939    
Cl              70
    -4.535900000         3.464100000        -4.535900000    
  0.249936562236E-11  0.249936562236E-11  0.249936562236E-11
   88727.4795939       88727.4795939       88727.4795939    
Na              71
    -4.000000000       -0.3857716504E-26     8.000000000    
 -0.385771650408E-11 -0.385771650408E-11 -0.385771650408E-11
  -88727.4795939      -88727.4795939      -88727.4795939    
Cl              72
   -0.5359000000         3.464100000        -4.535900000    
  0.249936562236E-11  0.249936562236E-11  0.249936562236E-11
   88727.4795939       88727.4795939       88727.4795939    
Na              73
   -0.3857716504E-26     4.000000000         8.000000000    
 -0.385771650408E-11 -0.385771650408E-11 -0.385771650408E-11
  -88727.4795939      -88727.4795939      -88727.4795939    
Cl              74
     3.464100000         7.464100000        -4.535900000    
  0.249936562236E-11  0.249936562236E-11  0.249936562236E-11
   88727.4795939       88727.4795939       88727.4795939    
Na              75
     4.000000000         4.000000000         8.000000000    
 -0.385771650408E-11 -0.385771650408E-11 -0.385771650408E-11
  -88727.4795939      -88727.4795939      -88727.4795939    
Cl              76
     7.464100000         7.464100000        -4.535900000    
  0.249936562236E-11  0.249936562236E-11  0.249936562236E-11
   88727.4795939       88727.4795939       88727.4795939    
Na              77
     8.000000000         4.000000000         8.000000000    
 -0.385771650408E-11 -0.385771650408E-11 -0.385771650408E-11
  -88727.4795939      -88727.4795939      -88727.4795939    
Cl              78
    -4.535900000         7.464100000        -4.535900000    
  0.249936562236E-11  0.249936562236E-11  0.249936562236E-11
   88727.4795939       88727.4795939       88727.4795939    
Na              79
    -4.000000000         4.000000000         8.000000000    
 -0.385771650408E-11 -0.385771650408E-11 -0.385771650408E-11
  -88727.4795939      -88727.4795939      -88727.4795939    
Cl              80
   -0.5359000000         7.464100000        -4.535900000    
  0.249936562236E-11  0.249936562236E-11  0.249936562236E-11
   88727.4795939       88727.4795939       88727.4795939    
Na              81
   -0.3857716504E-26     8.000000000         8.000000000    
 -0.385771650408E-11 -0.385771650408E-11 -0.385771650408E-11
  -88727.4795939      -88727.4795939      -88727.4795939    
Cl              82
     3.464100000        -4.535900000        -4.535900000    
  0.249936562236E-11  0.249936562236E-11  0.249936562236E-11
   88727.4795939       88727.4795939       88727.4795939    
Na              83
     4.000000000         8.000000000         8.000000000    
 -0.385771650408E-11 -0.385771650408E-11 -0.385771650408E-11
  -88727.4795939      -88727.4795939      -88727.4795939    
Cl              84
     7.464100000        -4.535900000        -4.535900000    
  0.249936562236E-11  0.249936562236E-11  0.249936562236E-11
   88727.4795939       88727.4795939       88727.4795939    
Na              85
     8.000000000         8.000000000         8.000000000    
 -0.385771650408E-11 -0.385771650408E-11 -0.385771650408E-11
  -88727.4795939      -88727.4795939      -88727.4795939    
Cl              86
    -4.535900000        -4.535900000        -4.535900000    
  0.249936562236E-11  0.249936562236E-11  0.249936562236E-11
   88727.4795939       88727.4795939       88727.4795939    
Na              87
    -4.000000000         8.000000000         8.000000000    
 -0.385771650408E-11 -0.385771650408E-11 -0.385771650408E-11
  -88727.4795939      -88727.4795939      -88727.4795939    
Cl              88
   -0.5359000000        -4.535900000        -4.535900000    
  0.249936562236E-11  0.249936562236E-11  0.249936562236E-11
   88727.4795939       88727.4795939       88727.4795939    
Na              89
   -0.3857716504E-26    -4.000000000         8.000000000    
 -0.385771650408E-11 -0.385771650408E-11 -0.385771650408E-11
  -88727.4795939      -88727.4795939      -88727.4795939    
Cl              90
     3.464100000       -0.5359000000        -4.535900000    
  0.249936562236E-11  0.249936562236E-11  0.249936562236E-11
   88727.4795939       88727.4795939       88727.4795939    
Na              91
     4.000000000        -4.000000000         8.000000000    
 -0.385771650408E-11 -0.385771650408E-11 -0.385771650408E-11
  -88727.4795939      -88727.4795939      -88727.4795939    
Cl              92
     7.464100000       -0.5359000000        -4.535900000    
  0.249936562236E-11  0.249936562236E-11  0.249936562236E-11
   88727.4795939       88727.4795939       88727.4795939    
Na              93
     8.000000000        -4.000000000         8.000000000    
 -0.385771650408E-11 -0.385771650408E-11 -0.385771650408E-11
  -88727.4795939      -88727.4795939      -88727.4795939    
Cl              94
    -4.535900000       -0.5359000000        -4.535900000    
  0.249936562236E-11  0.249936562236E-11  0.249936562236E-11
   88727.4795939       88727.4795939       88727.4795939    
Na              95
    -4.000000000        -4.000000000         8.000000000    
 -0.385771650408E-11 -0.385771650408E-11 -0.385771650408E-11
  -88727.4795939      -88727.4795939      -88727.4795939    
Cl              96
   -0.5359000000       -0.5359000000        -4.535900000    
  0.249936562236E-11  0.249936562236E-11  0.249936562236E-11
   88727.4795939       88727.4795939       88727.4795939    
Na              97
   -0.3857716504E-26   -0.3857716504E-26    -4.000000000    
 -0.385771650408E-11 -0.385771650408E-11 -0.385771650408E-11
  -88727.4795939      -88727.4795939      -88727.4795939    
Cl              98
     3.464100000         3.464100000       -0.5359000000    
  0.249936562236E-11  0.249936562236E-11  0.249936562236E-11
   88727.4795939       88727.4795939       88727.4795939    
Na              99
     4.000000000       -0.3857716504E-26    -4.000000000    
 -0.385771650408E-11 -0.385771650408E-11 -0.385771650408E-11
  -88727.4795939      -88727.4795939      -88727.4795939    
Cl             100
     7.464100000         3.464100000       -0.5359000000    
  0.249936562236E-11  0.249936562236E-11  0.249936562236E-11
   88727.4795939       88727.4795939       88727.4795939    
Na             101
     8.000000000       -0.3857716504E-26    -4.000000000    
 -0.385771650408E-11 -0.385771650408E-11 -0.385771650408E-11
  -88727.4795939      -88727.4795939      -88727.4795939    
Cl             102
    -4.535900000         3.464100000       -0.5359000000    
  0.249936562236E-11  0.249936562236E-11  0.249936562236E-11
   88727.4795939       88727.4795939       88727.4795939    
Na             103
    -4.000000000       -0.3857716504E-26    -4.000000000    
 -0.385771650408E-11 -0.385771650408E-11 -0.385771650408E-11
  -88727.4795939      -88727.4795939      -88727.4795939    
Cl             104
   -0.5359000000         3.464100000       -0.5359000000    
  0.249936562236E-11  0.249936562236E-11  0.249936562236E-11
   88727.4795939       88727.4795939       88727.4795939    
Na             105
   -0.3857716504E-26     4.000000000        -4.000000000    
 -0.385771650408E-11 -0.385771650408E-11 -0.385771650408E-11
  -88727.4795939      -88727.4795939      -88727.4795939    
Cl             106
     3.464100000         7.464100000       -0.5359000000    
  0.249936562236E-11  0.249936562236E-11  0.249936562236E-11
   88727.4795939       88727.4795939       88727.4795939    
Na             107
     4.000000000         4.000000000        -4.000000000    
 -0.385771650408E-11 -0.385771650408E-11 -0.385771650408E-11
  -88727.4795939      -88727.4795939      -88727.4795939    
Cl             108
     7.464100000         7.464100000       -0.5359000000    
  0.249936562236E-11  0.249936562236E-11  0.249936562236E-11
   88727.4795939       88727.4795939       88727.4795939    
Na             109
     8.000000000         4.000000000        -4.000000000    
 -0.385771650408E-11 -0.385771650408E-11 -0.385771650408E-11
  -88727.4795939      -88727.4795939      -88727.4795939    
Cl             110
    -4.535900000         7.464100000       -0.5359000000    
  0.249936562236E-11  0.249936562236E-11  0.249936562236E-11
   88727.4795939       88727.4795939       88727.4795939    
Na             111
    -4.000000000         4.000000000        -4.000000000    
 -0.385771650408E-11 -0.385771650408E-11 -0.385771650408E-11
  -88727.4795939      -88727.4795939      -88727.4795939    
Cl             112
   -0.5359000000         7.464100000       -0.5359000000    
  0.249936562236E-11  0.249936562236E-11  0.249936562236E-11
   88727.4795939       88727.4795939       88727.4795939    
Na             113
   -0.3857716504E-26     8.000000000        -4.000000000    
 -0.385771650408E-11 -0.385771650408E-11 -0.385771650408E-11
  -88727.4795939      -88727.4795939      -88727.4795939    
Cl             114
     3.464100000        -4.535900000       -0.5359000000    
  0.249936562236E-11  0.249936562236E-11  0.249936562236E-11
   88727.4795939       88727.4795939       88727.4795939    
Na             115
     4.000000000         8.000000000        -4.000000000    
 -0.385771650408E-11 -0.385771650408E-11 -0.385771650408E-11
  -88727.4795939      -88727.4795939      -88727.4795939    
Cl             116
     7.464100000        -4.535900000       -0.5359000000    
  0.249936562236E-11  0.249936562236E-11  0.249936562236E-11
   88727.4795939       88727.4795939       88727.4795939    
Na             117
     8.000000000         8.000000000        -4.000000000    
 -0.385771650408E-11 -0.385771650408E-11 -0.385771650408E-11
  -88727.4795939      -88727.4795939      -88727.4795939    
Cl             118
    -4.535900000        -4.535900000       -0.5359000000    
  0.249936562236E-11  0.249936562236E-11  0.249936562236E-11
   88727.4795939       88727.4795939       88727.4795939    
Na             119
    -4.000000000         8.000000000        -4.000000000    
 -0.385771650408E-11 -0.385771650408E-11 -0.385771650408E-11
  -88727.4795939      -88727.4795939      -88727.4795939    
Cl             120
   -0.5359000000        -4.535900000       -0.5359000000    
  0.249936562236E-11  0.249936562236E-11  0.249936562236E-11
   88727.4795939       88727.4795939       88727.4795939    
Na             121
   -0.3857716504E-26    -4.000000000        -4.000000000    
 -0.385771650408E-11 -0.385771650408E-11 -0.385771650408E-11
  -88727.4795939      -88727.4795939      -88727.4795939    
Cl             122
     3.464100000       -0.5359000000       -0.5359000000    
  0.249936562236E-11  0.249936562236E-11  0.249936562236E-11
   88727.4795939       88727.4795939       88727.4795939    
Na             123
     4.000000000        -4.000000000        -4.000000000    
 -0.385771650408E-11 -0.385771650408E-11 -0.385771650408E-11
  -88727.4795939      -88727.4795939      -88727.4795939    
Cl             124
     7.464100000       -0.5359000000       -0.5359000000    
  0.249936562236E-11  0.249936562236E-11  0.249936562236E-11
   88727.4795939       88727.4795939       88727.4795939    
Na             125
     8.000000000        -4.000000000        -4.000000000    
 -0.385771650408E-11 -0.385771650408E-11 -0.385771650408E-11
  -88727.4795939      -88727.4795939      -88727.4795939    
Cl             126
    -4.535900000       -0.5359000000       -0.5359000000    
  0.249936562236E-11  0.249936562236E-11  0.249936562236E-11
   88727.4795939       88727.4795939       88727.4795939    
Na             127
    -4.000000000        -4.000000000        -4.000000000    
 -0.385771650408E-11 -0.385771650408E-11 -0.385771650408E-11
  -88727.4795939      -88727.4795939      -88727.4795939    
Cl             128
   -0.5359000000       -0.5359000000       -0.5359000000    
  0.249936562236E-11  0.249936562236E-11  0.249936562236E-11
   88727.4795939       88727.4795939       88727.4795939    
